Iteration:  0
[0 8 0 ... 0 2 0] [3 0 8 ... 7 5 4]
0.05914634146341463
Iteration:  10
[0 0 0 ... 7 3 1] [3 0 8 ... 7 5 4]
0.38434146341463415
Iteration:  20
[3 0 0 ... 7 3 8] [3 0 8 ... 7 5 4]
0.5416585365853659
Iteration:  30
[3 0 3 ... 7 3 9] [3 0 8 ... 7 5 4]
0.560609756097561
Iteration:  40
[3 0 3 ... 7 3 9] [3 0 8 ... 7 5 4]
0.6211951219512195
Iteration:  50
[3 0 3 ... 7 3 4] [3 0 8 ... 7 5 4]
0.6479756097560976
Iteration:  60
[3 0 3 ... 7 3 4] [3 0 8 ... 7 5 4]
0.6824634146341464
Iteration:  70
[3 0 3 ... 7 3 4] [3 0 8 ... 7 5 4]
0.7230243902439024
Iteration:  80
[3 0 3 ... 7 3 9] [3 0 8 ... 7 5 4]
0.7508048780487805
Iteration:  90
[3 0 3 ... 7 5 9] [3 0 8 ... 7 5 4]
0.7754634146341464
Iteration:  100
[3 0 3 ... 7 5 9] [3 0 8 ... 7 5 4]
0.7950731707317074
Iteration:  110
[3 0 3 ... 7 5 9] [3 0 8 ... 7 5 4]
0.8089756097560976
Iteration:  120
[3 0 3 ... 7 5 9] [3 0 8 ... 7 5 4]
0.7942439024390244
Iteration:  130
[3 0 8 ... 7 5 9] [3 0 8 ... 7 5 4]
0.8350243902439024
Iteration:  140
[3 0 3 ... 7 5 9] [3 0 8 ... 7 5 4]
0.8303414634146341
Iteration:  150
[3 0 8 ... 7 5 9] [3 0 8 ... 7 5 4]
0.8433658536585366
Iteration:  160
[3 0 8 ... 7 5 9] [3 0 8 ... 7 5 4]
0.8480975609756097
Iteration:  170
[3 0 8 ... 7 5 9] [3 0 8 ... 7 5 4]
0.8532926829268292
Iteration:  180
[3 0 8 ... 7 5 9] [3 0 8 ... 7 5 4]
0.8582439024390244
Iteration:  190
[3 0 8 ... 7 5 9] [3 0 8 ... 7 5 4]
0.8610975609756097
Iteration:  200
[3 0 8 ... 7 5 9] [3 0 8 ... 7 5 4]
0.8654146341463415
Iteration:  210
[3 0 8 ... 7 5 9] [3 0 8 ... 7 5 4]
0.8689756097560976
Iteration:  220
[3 0 8 ... 7 5 9] [3 0 8 ... 7 5 4]
0.8711463414634146
Iteration:  230
[3 0 8 ... 7 5 9] [3 0 8 ... 7 5 4]
0.8734146341463415
Iteration:  240
[3 0 8 ... 7 5 9] [3 0 8 ... 7 5 4]
0.8756341463414634
Iteration:  250
[3 0 8 ... 7 5 9] [3 0 8 ... 7 5 4]
0.877609756097561
Iteration:  260
[3 0 8 ... 7 5 9] [3 0 8 ... 7 5 4]
0.8794878048780488
Iteration:  270
[3 0 8 ... 7 5 9] [3 0 8 ... 7 5 4]
0.8820243902439024
Iteration:  280
[3 0 8 ... 7 5 9] [3 0 8 ... 7 5 4]
0.8836341463414634
Iteration:  290
[3 0 8 ... 7 5 9] [3 0 8 ... 7 5 4]
0.8843658536585366
Iteration:  300
[3 0 8 ... 7 5 9] [3 0 8 ... 7 5 4]
0.8859512195121951
Iteration:  310
[3 0 8 ... 7 5 9] [3 0 8 ... 7 5 4]
0.8873414634146342
Iteration:  320
[3 0 8 ... 7 5 9] [3 0 8 ... 7 5 4]
0.8883414634146342
Iteration:  330
[3 0 8 ... 7 5 9] [3 0 8 ... 7 5 4]
0.8893658536585366
Iteration:  340
[3 0 8 ... 7 5 9] [3 0 8 ... 7 5 4]
0.8908048780487805
Iteration:  350
[3 0 8 ... 7 5 9] [3 0 8 ... 7 5 4]
0.8919512195121951
Iteration:  360
[3 0 8 ... 7 5 9] [3 0 8 ... 7 5 4]
0.8924634146341464
Iteration:  370
[3 0 8 ... 7 5 9] [3 0 8 ... 7 5 4]
0.8932682926829268
Iteration:  380
[3 0 8 ... 7 5 9] [3 0 8 ... 7 5 4]
0.8947317073170732
Iteration:  390
[3 0 8 ... 7 5 9] [3 0 8 ... 7 5 4]
0.895829268292683
Iteration:  400
[3 0 8 ... 7 5 9] [3 0 8 ... 7 5 4]
0.8967804878048781
Iteration:  410
[3 0 8 ... 7 5 9] [3 0 8 ... 7 5 4]
0.8974878048780488
Iteration:  420
[3 0 8 ... 7 5 9] [3 0 8 ... 7 5 4]
0.8989756097560976
Iteration:  430
[3 0 8 ... 7 5 9] [3 0 8 ... 7 5 4]
0.9001463414634147
Iteration:  440
[3 0 8 ... 7 5 9] [3 0 8 ... 7 5 4]
0.9009024390243903
Iteration:  450
[3 0 8 ... 7 5 9] [3 0 8 ... 7 5 4]
0.9014146341463415
Iteration:  460
[3 0 8 ... 7 5 9] [3 0 8 ... 7 5 4]
0.9020243902439025
Iteration:  470
[3 0 8 ... 7 5 9] [3 0 8 ... 7 5 4]
0.9031951219512195
Iteration:  480
[3 0 8 ... 7 5 9] [3 0 8 ... 7 5 4]
0.9041707317073171
Iteration:  490
[3 0 8 ... 7 5 9] [3 0 8 ... 7 5 4]
0.905
Iteration:  500
[3 0 8 ... 7 5 9] [3 0 8 ... 7 5 4]
0.9052926829268293
Iteration:  510
[3 0 8 ... 7 5 9] [3 0 8 ... 7 5 4]
0.9056341463414634
Iteration:  520
[3 0 8 ... 7 5 9] [3 0 8 ... 7 5 4]
0.9060731707317073
Iteration:  530
[3 0 8 ... 7 5 9] [3 0 8 ... 7 5 4]
0.9068780487804878
Iteration:  540
[3 0 8 ... 7 5 9] [3 0 8 ... 7 5 4]
0.9076341463414634
Iteration:  550
[3 0 8 ... 7 5 9] [3 0 8 ... 7 5 4]
0.9084146341463415
Iteration:  560
[3 0 8 ... 7 5 9] [3 0 8 ... 7 5 4]
0.909
Iteration:  570
[3 0 8 ... 7 5 9] [3 0 8 ... 7 5 4]
0.9093658536585366
Iteration:  580
[3 0 8 ... 7 5 9] [3 0 8 ... 7 5 4]
0.9097804878048781
Iteration:  590
[3 0 8 ... 7 5 9] [3 0 8 ... 7 5 4]
0.9105121951219513
Iteration:  600
[3 0 8 ... 7 5 9] [3 0 8 ... 7 5 4]
0.9114878048780488
Iteration:  610
[3 0 8 ... 7 5 9] [3 0 8 ... 7 5 4]
0.9119512195121952
Iteration:  620
[3 0 8 ... 7 5 9] [3 0 8 ... 7 5 4]
0.9123902439024391
Iteration:  630
[3 0 8 ... 7 5 9] [3 0 8 ... 7 5 4]
0.9125609756097561
Iteration:  640
[3 0 8 ... 7 5 9] [3 0 8 ... 7 5 4]
0.913
Iteration:  650
[3 0 8 ... 7 5 4] [3 0 8 ... 7 5 4]
0.9140243902439025
Iteration:  660
[3 0 8 ... 7 5 4] [3 0 8 ... 7 5 4]
0.9142682926829269
Iteration:  670
[3 0 8 ... 7 5 4] [3 0 8 ... 7 5 4]
0.9145121951219513
Iteration:  680
[3 0 8 ... 7 5 4] [3 0 8 ... 7 5 4]
0.9148536585365854
Iteration:  690
[3 0 8 ... 7 5 4] [3 0 8 ... 7 5 4]
0.9152439024390244
Iteration:  700
[3 0 8 ... 7 5 4] [3 0 8 ... 7 5 4]
0.9155609756097561
Iteration:  710
[3 0 8 ... 7 5 4] [3 0 8 ... 7 5 4]
0.9158536585365854
Iteration:  720
[3 0 8 ... 7 5 4] [3 0 8 ... 7 5 4]
0.9162926829268293
Iteration:  730
[3 0 8 ... 7 5 4] [3 0 8 ... 7 5 4]
0.9167073170731708
Iteration:  740
[3 0 8 ... 7 5 4] [3 0 8 ... 7 5 4]
0.9169512195121952
Iteration:  750
[3 0 8 ... 7 5 4] [3 0 8 ... 7 5 4]
0.9172439024390244
Iteration:  760
[3 0 8 ... 7 5 4] [3 0 8 ... 7 5 4]
0.9175121951219513
Iteration:  770
[3 0 8 ... 7 5 4] [3 0 8 ... 7 5 4]
0.9179756097560976
Iteration:  780
[3 0 8 ... 7 5 4] [3 0 8 ... 7 5 4]
0.9183414634146342
Iteration:  790
[3 0 8 ... 7 5 4] [3 0 8 ... 7 5 4]
0.9189512195121952
Iteration:  800
[3 0 8 ... 7 5 4] [3 0 8 ... 7 5 4]
0.919609756097561
Iteration:  810
[3 0 8 ... 7 5 4] [3 0 8 ... 7 5 4]
0.9195853658536586
Iteration:  820
[3 0 8 ... 7 5 4] [3 0 8 ... 7 5 4]
0.919829268292683
Iteration:  830
[3 0 8 ... 7 5 4] [3 0 8 ... 7 5 4]
0.9198536585365854
Iteration:  840
[3 0 8 ... 7 5 4] [3 0 8 ... 7 5 4]
0.9202926829268293
Iteration:  850
[3 0 8 ... 7 5 4] [3 0 8 ... 7 5 4]
0.9207804878048781
Iteration:  860
[3 0 8 ... 7 5 4] [3 0 8 ... 7 5 4]
0.9211219512195122
Iteration:  870
[3 0 8 ... 7 5 4] [3 0 8 ... 7 5 4]
0.9213658536585366
Iteration:  880
[3 0 8 ... 7 5 4] [3 0 8 ... 7 5 4]
0.9215121951219513
Iteration:  890
[3 0 8 ... 7 5 4] [3 0 8 ... 7 5 4]
0.9217560975609757
Iteration:  900
[3 0 8 ... 7 5 4] [3 0 8 ... 7 5 4]
0.9218780487804878
Iteration:  910
[3 0 8 ... 7 5 4] [3 0 8 ... 7 5 4]
0.9221219512195122
Iteration:  920
[3 0 8 ... 7 5 4] [3 0 8 ... 7 5 4]
0.9224634146341464
Iteration:  930
[3 0 8 ... 7 5 4] [3 0 8 ... 7 5 4]
0.9230243902439025
Iteration:  940
[3 0 8 ... 7 5 4] [3 0 8 ... 7 5 4]
0.9233658536585366
Iteration:  950
[3 0 8 ... 7 5 4] [3 0 8 ... 7 5 4]
0.9233170731707318
Iteration:  960
[3 0 8 ... 7 5 4] [3 0 8 ... 7 5 4]
0.9234634146341464
Iteration:  970
[3 0 8 ... 7 5 4] [3 0 8 ... 7 5 4]
0.9234146341463415
Iteration:  980
[3 0 8 ... 7 5 4] [3 0 8 ... 7 5 4]
0.9237804878048781
Iteration:  990
[3 0 8 ... 7 5 4] [3 0 8 ... 7 5 4]
0.9241219512195122